Q003	A	71.95	72.05	1.33	7.3	2.1	34.6	40	0.12	6030
Q003	A	72.05	76.54	1.27	6.1	2.6	41.3	37	0.1	6424
Q003	A	76.54	81.74	1.27	5.1	1.9	40.1	37.9	0.1	6362
Q003	A	81.74	81.84	1.33	8.6	6.2	38	39.2	0.1	6276
Q003	A	82.04	82.14	1.36	6.6	8.9	37.5	34	0.12	6346
Q003	A	82.14	86.34	1.26	6.2	2.6	38.9	37.3	0.1	6325
Q003	A	86.34	86.44	1.43	4	19	31.8	35.2	0.2	6561
Q003	B	93.44	93.54	1.35	6.5	8.4	34.5	35.6	0.2	6727
Q003	B	93.54	94.02	1.28	6.2	6.3	41.1	29.4	0.14	6126
Q003	B	94.02	94.99	1.32	5.5	8.8	37.9	35.8	0.2	6156
Q003	B	94.99	95.41	1.27	7.2	2.4	39.8	33.6	0.14	6202
Q004	A	2.5	3.03	1.29	6.7	1	38.6	36.8	0.08	6264
Q004	B	8.12	8.22	1.35	6.8	4.3	40.9	38	0.15	6517
Q004	B	8.22	9.45	1.29	5.9	2.5	38.2	35.4	0.1	6219
Q004	B	9.45	9.55	1.41	6.1	14.4	36	34.5	0.14	6025
Q006	A	4.7	7.7	1.33	7.5	5.4	44.6	35.5	0.07	6730
Q006	A	7.7	7.78	1.73	6.6	48.5	20.7	11.02	0.05	4400
Q006	A	7.78	7.88	1.33	5.9	4.6	45.5	36	0.08	6754
Q006	A	7.88	14.9	1.3	5.2	2.1	39	36.7	0.07	6293
Q006	A	14.9	15	1.34	6.1	3.6	37.8	40.5	0.14	6467
Q009	A	3	4.16	1.26	6.8	1.9	40.2	37	0.1	6341
Q009	A	4.16	8.62	1.27	6.8	1.8	40	38.4	0.1	6446
Q009	A	8.62	8.72	1.32	9.5	2.6	34.4	38.5	0.15	6002
Q012	A	29.64	29.74	1.33	6.3	4.1	37.7	34.9	0.3	6935
Q012	A	29.74	33.13	1.27	8.4	2.6	40.6	35.4	0.2	6224
Q012	A	33.92	39.4	1.27	6	2.6	40.1	36.3	0.1	6283
Q012	A	39.4	45.2	1.28	7.5	2.4	38.1	39.1	0.1	6309
Q012	A	45.2	45.3	1.33	6	6.2	36.8	39.1	0.2	6178
Q012	B	46.27	46.36	1.32	6.3	6	37.3	38.4	0.2	6195
Q012	B	46.36	47.6	1.27	5.1	2.2	36.6	35.1	0.14	6169
Q012	B	47.6	47.7	1.34	6.3	15.9	42.1	23.7	0.15	6021
Q015	A	35.3	35.6	1.34	7.8	2.3	42.5	38.4	0.16	6478
Q015	A	35.6	36.6	1.32	6	1.9	44.1	35	0.09	6452
Q015	A	36.6	38	1.32	8.7	3	38.6	35.7	0.1	6051
Q015	A	38	38.3	1.36	6.7	7.5	44.6	33.2	0.06	6359
Q015	A	38.3	38.6	1.34	9.5	6.2	42.8	33.5	0.07	6254
Q015	A	38.6	38.9	1.35	6.9	3.9	39.2	37	0.07	6129
Q015	A	38.9	40.3	1.31	6.2	2.9	36.6	35	0.09	5836
Q015	A	40.3	42.6	1.28	6.8	1.5	39.6	33.1	0.07	5991
Q015	A	42.6	42.8	1.38	5.8	12.3	33.7	31.2	0.07	6315
Q015	A	42.8	43.3	1.29	6.5	1.7	38.2	34.6	0.08	6979
Q015	A	43.3	45.3	1.3	6.9	1.7	39.1	36.3	0.08	6115
Q015	A	45.3	45.8	1.29	6	2.2	44.1	34.7	0.06	6521
Q015	A	45.8	48.1	1.28	6.9	1.8	33.7	33.6	0.05	6595
Q015	A	48.1	48.4	1.29	6.7	2.3	36.8	34.2	0.07	6793
Q015	A	48.4	48.7	1.29	6	1.9	38.2	34.9	0.08	6120
Q015	A	48.7	48.92	1.31	6.7	3.3	34.6	35.4	0.13	6712
Q019	A2	32.7	32.8	1.32	6.8	4.4	38.2	34.6	0.15	6994
Q019	A2	32.8	36.26	1.28	6.3	2.5	39.5	37.8	0.1	6313
Q019	A2	37.26	42.78	1.28	6.7	2.1	38.8	39.4	0.1	6407
Q019	A2	42.78	42.88	1.3	6.4	4.8	37.5	39.3	0.2	6330
Q021	A2	2.32	2.52	1.37	6.5	4.1	44	36.4	0.13	6559
Q021	A2	2.52	2.98	1.35	6.1	2.8	40.3	36.8	0.1	6258
Q021	B	8.16	8.36	1.39	6	7.7	37.3	37	0.39	6163
Q021	B	8.36	9	1.31	6.8	3.1	46.6	32.5	0.19	6855
Q021	B	9	9.2	1.33	6.2	4.5	43.4	34.9	0.18	6688
Q022	A2	21.67	21.77	1.29	6.7	7.4	47.3	34.6	0.44	6480
Q022	A2	21.77	26.8	1.28	6.2	3.2	38.9	36.7	0.1	6204
Q022	A2	26.94	29.38	1.28	6.3	2.5	38.9	38.3	0.1	6346
Q022	A2	29.38	29.48	1.32	6.4	8.7	36.6	37.4	0.2	6095
Q023	A2	50.74	50.84	1.33	6.8	5.6	38.3	33.3	0.22	6930
Q023	A2	50.84	54.72	1.29	6.4	3.2	35.6	32.8	0.12	6732
Q023	A2	54.72	57.72	1.28	6.6	2	34.1	34.3	0.11	6705
Q023	A2	57.72	62.07	1.27	6.9	1.9	34.5	33.7	0.09	6777
Q023	A2	62.07	62.17	1.35	6.6	8	32.6	34.8	0.22	6674
Q027	A2	66.31	66.41	1.33	6.1	4.2	35.1	36.6	0.31	6916
Q027	A2	66.41	67.89	1.28	6.5	2.5	40.4	37.7	0.2	6464
Q027	A2	67.96	73.45	1.28	6.2	3.3	38.3	37.2	0.1	6212
Q027	A2	73.45	73.56	1.4	6.1	23.5	29.5	27.9	0.1	6717
Q028	A2	3.09	3.19	1.63	6.5	39.9	25.6	19	0.2	6895
Q028	A2	3.19	6	1.29	6.1	5.8	37	35.1	0.2	6957
Q028	A2	6	6.1	1.35	6.9	7.7	37.8	35.6	0.2	6906
Q028	A2	6.43	6.53	1.44	6.1	20.7	33.5	30.8	0.2	6335
Q028	A2	6.53	6.38	1.26	6.6	2.9	37.9	36.5	0.1	6144
Q028	A2	8.62	8.23	1.26	6.3	1.7	38.2	37.8	0.1	6240
Q028	A2	8.23	8.33	1.47	6.6	26	28.5	29.9	0.2	4967
Q036	A2	22.22	22.32	1.32	6.4	6.1	37.3	33.2	0.23	6975
Q036	A2	22.32	23.57	1.3	6.8	8.2	41.5	32.4	0.1	6314
Q036	A2	23.57	23.67	1.36	6	11.2	37.3	35.6	0.2	6070
Q036	A2	23.96	24.06	1.34	6.1	7.2	38.4	37.4	0.2	6241
Q036	A2	24.06	29.24	1.26	6.6	2.2	39.2	36.1	0.1	6232
Q036	A2	29.24	29.34	1.33	6.1	7.4	38.5	37	0.3	6304
Q036	B	34.94	35.04	1.29	6.2	4.3	40.8	32.7	0.12	6197
Q036	B	35.04	39.36	1.28	6.6	2.7	37.8	37.9	0.1	6326
Q036	B	39.36	39.46	1.31	6.7	2.5	34.7	37.1	0.08	6949
Q040	A2	27.42	27.52	1.34	6.3	8.4	37.7	32.7	0.27	6880
Q040	A2	27.52	31.38	1.27	6.8	2.3	41.1	35.8	0.1	6362
Q040	A2	31.38	35.11	1.26	6.8	2.1	40.3	36.7	0.1	6389
Q040	A2	35.11	35.21	1.54	6.4	30.4	25.4	25.8	0.18	6499
Q042	A2	38.3	39	1.33	6.4	2.7	45	37.7	0.11	6714
Q042	A2	39	40.9	1.32	6.8	2.7	40.9	33.4	0.09	6361
Q042	A2	40.9	43.3	1.33	6.4	2.2	47.2	35.9	0.09	6299
Q042	A2	43.3	45.7	1.3	6.8	2.1	55.1	27.7	0.1	6304
Q042	A2	45.7	45.88	1.39	6.2	11.3	41.2	37.6	0.25	6144
Q042	B	54.32	54.8	1.42	6.8	16.7	41.5	30	0.2	6721
Q042	B	54.8	57	1.29	6.2	2.4	38.9	35.5	0.12	6117
Q042	B	57	57.17	1.41	6.7	18.5	41.2	28.6	0.15	6946
Q048	A1	33	33.1	1.31	6.7	8.1	42.4	32.8	0.3	6276
Q048	A1	33.1	35.79	1.26	6.1	3.4	40.9	34.6	0.2	6309
Q048	A1	35.79	35.89	1.35	6.9	7.4	38.3	35.4	0.2	6845
Q048	A2	36.39	36.49	1.33	6.2	5.5	38.9	35.4	0.3	6921
Q048	A2	36.49	41.05	1.26	6.3	2.1	39.4	36.3	0.1	6199
Q048	A2	41.05	45.1	1.26	6.3	1.9	39.3	36.4	0.1	6189
Q048	A2	45.1	45.53	1.34	6.8	10.9	42.7	27.7	0.2	6861
Q048	B	53.92	56.02	1.39	6.9	15.6	33.4	34.1	0.2	6537
Q048	B	56.02	56.14	1.27	6.5	3.2	38.2	36	0.2	6160
Q051	A	3	5.9	1.27	6.6	2.1	40.9	36.3	0.1	6345
Q051	A	5.9	6	1.37	6	19.1	40.6	24.3	0.14	6918
Q051	B	13.97	14.07	1.31	6.5	5.6	39.5	32.4	0.22	6099
Q051	B	14.07	16.55	1.28	6.8	2.4	37.4	33.4	0.14	6011
Q051	B	16.55	16.65	1.38	6.5	14.4	34.9	30.2	0.18	6624
Q056	A	8.71	8.81	1.36	6.7	9	36.1	37.1	0.3	6936
Q056	A	8.81	8.31	1.27	6.4	3.8	38.5	35.3	0.2	6062
Q056	A	13.31	17.81	1.27	6.5	2.2	39.1	36.2	0.2	6140
Q056	A	17.81	22.1	1.26	6.5	2.1	39.9	35.6	0.2	6227
Q056	A	22.1	22.2	1.31	6	6.3	36.6	37.1	0.2	6160
